a 1 1 2
a 1 16 2
a 1 32 2
a 16 1 3
a 16 32 2
a 16 8 3
a 1 8 4
a 32 1 2
a 32 32 2
a 32 8 2
a 8 16 2
a 8 32 2
a 8 8 3
b 1 1 6
b 16 1 2
b 16 8 2
b 32 1 4
b 32 16 4
b 32 32 3
b 32 8 3
b 8 1 3
b 8 16 3
b 8 32 3
c 1 16 2
c 16 1 5
c 16 16 3
c 16 8 2
c 1 8 3
c 32 32 2
c 32 8 2
c 8 1 2
c 8 16 2
c 8 32 2
c 8 8 4
d 1 1 3
d 1 32 3
d 16 1 5
d 16 32 6
d 16 8 3
d 32 1 2
d 32 32 2
d 32 8 4
d 8 16 4
d 8 32 2
d 8 8 2
e 1 32 3
e 16 1 2
e 16 32 4
e 16 8 3
e 1 8 4
e 32 16 3
e 32 32 2
e 8 1 2
e 8 16 2
e 8 32 3
e 8 8 3
f 1 1 2
f 1 32 3
f 16 1 4
f 16 16 5
f 16 8 3
f 1 8 3
f 32 1 4
f 32 16 3
f 8 16 4
f 8 32 4
f 8 8 3
g 1 1 2
g 1 16 3
g 1 32 7
g 16 16 3
g 16 32 4
g 16 8 4
g 1 8 4
g 32 16 2
g 32 32 2
g 32 8 5
g 8 16 4
g 8 32 3
g 8 8 4
h 1 16 2
h 16 1 2
h 16 16 5
h 16 32 2
h 16 8 3
h 1 8 4
h 32 1 4
h 32 16 2
h 32 32 2
h 8 16 2
h 8 32 2
h 8 8 4
i 1 1 2
i 1 32 3
i 16 1 3
i 16 16 3
i 16 32 4
i 16 8 3
i 32 32 2
i 32 8 2
i 8 1 2
i 8 16 7
i 8 8 4
j 1 1 2
j 1 16 3
j 16 16 4
j 16 8 3
j 1 8 4
j 32 1 4
j 32 16 4
j 8 16 3
j 8 32 3
j 8 8 3
k 1 1 2
k 1 32 3
k 16 1 2
k 1 8 4
k 32 1 2
k 32 16 4
k 32 32 2
k 32 8 3
k 8 16 2
k 8 8 2
l 1 1 2
l 1 16 3
l 16 16 2
l 16 32 3
l 16 8 2
l 32 1 3
l 32 16 2
l 32 32 3
l 32 8 3
l 8 1 2
l 8 16 3
l 8 8 2
m 1 1 3
m 1 16 5
m 1 32 2
m 16 1 2
m 16 16 2
m 32 1 3
m 32 16 3
m 8 1 3
m 8 32 2
m 8 8 3
n 1 16 3
n 1 32 2
n 16 1 2
n 16 16 4
n 16 32 4
n 16 8 2
n 1 8 2
n 32 1 2
n 32 16 2
n 32 32 4
n 32 8 4
n 8 1 4
n 8 32 2
o 1 1 2
o 1 16 3
o 16 32 6
o 16 8 3
o 32 1 2
o 32 32 4
o 8 1 3
o 8 16 3
o 8 32 3
o 8 8 2
p 1 1 2
p 1 16 4
p 1 32 2
p 16 16 4
p 16 32 2
p 16 8 2
p 32 1 3
p 32 32 4
p 8 1 2
p 8 16 4
p 8 8 4
q 1 16 3
q 16 1 2
q 16 32 2
q 16 8 3
q 1 8 3
q 32 1 3
q 32 16 5
q 32 32 2
q 32 8 4
q 8 16 2
q 8 32 4
q 8 8 2
r 1 1 4
r 1 16 2
r 16 1 2
r 32 1 3
r 32 16 3
r 32 32 4
r 8 8 3
s 1 1 2
s 1 16 3
s 16 1 4
s 16 16 2
s 16 32 4
s 32 32 3
s 32 8 4
s 8 32 2
t 1 32 3
t 16 1 2
t 16 16 3
t 16 32 3
t 16 8 5
t 1 8 2
t 32 16 2
t 32 32 2
t 32 8 5
t 8 16 4
t 8 32 2
u 1 16 3
u 1 32 2
u 16 1 3
u 16 16 2
u 16 32 3
u 16 8 2
u 32 16 7
u 32 8 2
u 8 1 2
u 8 16 5
u 8 32 2
u 8 8 2
v 1 1 2
v 1 16 6
v 1 32 2
v 16 16 2
v 16 8 4
v 1 8 3
v 32 1 2
v 32 16 2
v 32 32 5
v 8 1 2
v 8 16 3
v 8 8 3
w 1 1 3
w 1 16 2
w 1 32 2
w 16 1 4
w 16 16 5
w 16 8 2
w 32 1 3
w 32 16 2
w 32 32 4
w 8 1 4
w 8 32 2
w 8 8 2
x 1 16 5
x 16 1 2
x 16 16 2
x 1 8 3
x 32 1 3
x 32 32 3
x 8 1 3
x 8 16 2
x 8 32 3
x 8 8 4
y 1 1 2
y 1 32 4
y 16 32 2
y 16 8 2
y 32 1 2
y 32 32 3
y 8 16 4
y 8 32 3
z 1 1 3
z 1 16 2
z 16 1 3
z 16 16 2
z 16 32 2
z 16 8 3
z 1 8 4
z 32 1 2
z 32 16 3
z 8 1 3
z 8 16 3
z 8 32 4
z 8 8 2
